1 0.570665421875 0.12247293749999999 0.6247041375 0.23444456875 0.7306070515624999 0.16444836875 0.673063571875 0.0398500453125 0.570665421875 0.12247293749999999
1 0.323910653125 0.5719406499999999 0.2497120265625 0.40731027343750004 0.0954399171875 0.4546291125 0.1578797078125 0.61626060625 0.3019461140625 0.60371100625 0.323910653125 0.5719406499999999
1 0.2632193625 0.1769414953125 0.16985665 0.2427966203125 0.13965872031249998 0.31517888906249997 0.1941765875 0.4063858515625 0.31809208437500003 0.281407125 0.2632193625 0.1769414953125
1 0.3154631046875 0.7253357484375 0.3579915125 0.6972821875 0.3319774546875 0.639325890625 0.2690374640625 0.6023196859375 0.1342758828125 0.6279815828124999 0.1828728921875 0.75861284375 0.3154631046875 0.7253357484375
1 0.8254008734375 0.71455265 0.9493595265625 0.6491013531250001 0.9100887406249999 0.55699593125 0.7785300109375 0.5881811421875 0.7289484015625 0.591499825 0.7699523375 0.6978385281249999 0.8254008734375 0.71455265
1 0.71867495625 0.5182312296875 0.754622146875 0.585568684375 0.8940959625 0.5482672562500001 0.846964440625 0.46926497187500005 0.71867495625 0.5182312296875
1 0.6610254671875 0.35109142968749996 0.7472828796875 0.5039333890625 0.8720776296875 0.43820606250000005 0.787401528125 0.27353312500000004 0.6610254671875 0.35109142968749996
1 0.618074209375 0.25356873750000003 0.668122409375 0.34794646406249996 0.7816906828125 0.2666628453125 0.7296298578125 0.1735271984375 0.618074209375 0.25356873750000003
1 0.713125634375 0.4766859125 0.6572867828125 0.3287586390625 0.48310189374999996 0.34632679375 0.5335014359375 0.49747513593750003 0.6522918109375 0.49502348124999995 0.713125634375 0.4766859125
1 0.7165672125 0.5420961078125 0.7023659984374999 0.49424886875 0.5428417718749999 0.512776296875 0.5729349421875 0.6105415640625 0.68548239375 0.613654003125 0.7165672125 0.5420961078125
1 0.7850545 0.8347008125000001 0.7991039546875001 0.8090466749999999 0.7485524484375 0.694397940625 0.7084020265625 0.6778858203125 0.6006988234375 0.706131371875 0.662387965625 0.8506911374999999 0.7850545 0.8347008125000001
1 0.9550916890625001 0.8205799765625 0.9122597906250001 0.7016308453125 0.761098071875 0.7144926375 0.8075727562499999 0.8202599484374999 0.8773962609374999 0.8532417875 0.9550916890625001 0.8205799765625
1 0.3310821671875 0.6352719734375001 0.3883157515625 0.797595571875 0.504771890625 0.7643926609375 0.43904197500000003 0.6109755171875 0.3310821671875 0.6352719734375001
1 0.301336075 0.51805639375 0.34953381562499997 0.6335283656249999 0.44110492187499994 0.6067918828125001 0.37916415937500003 0.45562587031249996 0.301336075 0.51805639375
1 0.2182522609375 0.3812187921875 0.30238067968750004 0.5247622765625 0.38844724375 0.43679937031250005 0.3048243453125 0.29979825 0.2182522609375 0.3812187921875
1 0.391936428125 0.8101147531249999 0.42833562656249996 0.9052147640625 0.53303328125 0.8688899125 0.4962705234375 0.7759561500000001 0.391936428125 0.8101147531249999
1 0.38532988437500004 0.8178451140625 0.346895140625 0.7254635453125 0.1762838765625 0.771812440625 0.22394584218750002 0.8939038953124999 0.349576571875 0.8279004421874999 0.38532988437500004 0.8178451140625
1 0.1774888859375 0.3891305859375 0.028905832812499997 0.41367902812499996 0.025104481249999998 0.43102729999999995 0.027683410937500003 0.4753058140625 0.0482206984375 0.5263843046875001 0.1774888859375 0.3891305859375
1 0.105493434375 0.48120308125 0.054746021874999995 0.5032147484375 0.06184788906250001 0.57961853125 0.116230603125 0.703565684375 0.1448727140625 0.5872825453125 0.105493434375 0.48120308125
1 0.7725054984375 0.2171591953125 0.7976945015625 0.22285099375 0.9106971968750001 0.1802811546875 0.85010376875 0.0346390734375 0.8125167890625 0.033107521875000004 0.7123240328125 0.0800745390625 0.7725054984375 0.2171591953125
1 0.774503934375 0.2238151109375 0.8361181796875 0.36777303125 0.96756841875 0.3226137796875 0.9115883140625 0.1834892890625 0.774503934375 0.2238151109375