1 0.08301574545188603 0.5265625 0.16603149090377206 0.13125
1 0.316100073202145 0.24140625 0.2599315798171736 0.1796875
1 0 0.36263940156249996 0.280107209375 0.5897790265625 0.2792446046875 0.516718471875 0.05506950468750001 0.336814240625 0 0.354940665625 0 0.36263940156249996
1 0.23798064531250002 0.337605565625 0.2957013109375 0.57911954375 0.537826565625 0.5160358609375 0.4803425953125 0.27630361406250004 0.23798064531250002 0.337605565625
1 0.47158694375000004 0 0.38339807656249997 0.022558943749999998 0.454443646875 0.21111776093749998 0.62344224375 0.1439049640625 0.585740425 0 0.47158694375000004 0
1 0.50747105625 0.22003309531249998 0.54421120625 0.4411891078125 0.7379130046875 0.3832240203125 0.6834990484375 0.16488752499999998 0.50747105625 0.22003309531249998
1 0 0.66256815625 0.0409028390625 0.854922078125 0.22482923124999998 0.8112945 0.2014584359375 0.7335573078125 0.23704065000000002 0.7026351 0.2076467578125 0.5514051703125 0 0.602977278125 0 0.66256815625
1 0.5725896453125 0.7187673515624999 0.5434204546875 0.543625634375 0.242338265625 0.609343709375 0.5725896453125 0.7187673515624999
1 0.2823334046875 0.9573002703125001 0.41640788124999994 0.9242554859375 0.39764781875 0.850493971875 0.5656632593750001 0.759667084375 0.50222805 0.6219392453125 0.1990426265625 0.7341527234375 0.198118659375 0.735334959375 0.2823334046875 0.9573002703125001
1 0.6702272953125 0.606093571875 0.6454440406249999 0.45883934843749996 0.846168475 0.42299982812500003 0.8395915359374999 0.37179600156250003 0.5447815109375 0.44315393593749997 0.5841389515625 0.6256073468750001 0.6702272953125 0.606093571875
1 0.6569342171875 0.464533053125 0.6967761671875 0.712015953125 0.9508759421875 0.6204205515625 0.9032718296875 0.391885525 0.6569342171875 0.464533053125
1 0.41003944687500005 0.9241210859375 0.444080653125 0.9106189562499999 0.9634116421875 0.7855667234375 0.9708330171874999 0.6262268234375 0.399630346875 0.822075278125 0.41003944687500005 0.9241210859375