1 0.12252770161435782 0.3078696642282987 0.20505998924663302 0.1468061840799307
1 0.48181927254019125 0.20048192363069486 0.26363877667402047 0.1981154173624308
1 0.1544991375 0.12287003437499999 0.267155340625 0.480900209375 0.30524528281249996 0.41749793281249997 0.216208496875 0.139324159375 0.1544991375 0.12287003437499999
1 0.36639119375 0.24054427500000003 0.28565592500000003 0.4802904578125 0.518515575 0.5590415828124999 0.5984995078125 0.3209601328125 0.36639119375 0.24054427500000003
1 0.653434503125 0.0491197796875 0.61179335 0.2505790359375 0.7866357890625 0.2855790546875 0.84064700625 0.1133961828125 0.653434503125 0.0491197796875
1 0.6507196984375 0.2874048734375 0.563521253125 0.49808433125 0.7537923156249999 0.5546278499999999 0.8249413796875 0.3366623375 0.6507196984375 0.2874048734375
1 0 0.6034768578125 0.104001334375 0.64131079375 0.12604239687500002 0.561508659375 0.1717614296875 0.5544329453125 0.227872975 0.40801978437499997 0.01801766875 0.33426401875 0 0.3837739890625 0 0.6034768578125
1 0.43947396562499996 0.7527650171875 0.5084693265625 0.5858797874999999 0.22566745625 0.476991565625 0.43947396562499996 0.7527650171875
1 0.07380924375 0.7986753453125 0.20175075781250001 0.8439084640625 0.22547678750000003 0.770064965625 0.4120504359375 0.78418541875 0.4329629578125 0.630690734375 0.12373709375 0.5606936296875 0.12234848125 0.5612040421875 0.07380924375 0.7986753453125
1 0.5797030859375 0.7093847171875 0.63749950625 0.5689301640625 0.8218025750000001 0.64839080625 0.843580096875 0.6006731249999999 0.5629473640625 0.500090140625 0.498457653125 0.678873090625 0.5797030859375 0.7093847171875
1 0.6439363859375 0.5801499015625 0.5453104703125 0.815210028125 0.803171228125 0.875985475 0.8853434124999999 0.6529789015625 0.6439363859375 0.5801499015625
1 0.82259670625 1 0.8383462078124999 0.9563519859375 0.8572861140624999 0.9022682890624999 0.24220141874999998 0.7466772359375 0.196578578125 0.8402922437499999 0.23177753281250002 0.847373675 0.6559757765625001 1 0.82259670625 1