1 0.5340441890625 1 0.5676741859375001 0.8644598609375 0.3787177 0.6932321031249999 0.30754024375 0.7766292203125 0.2697252609375 0.9592484125 0.4820139 1 0.5340441890625 1
1 0.2996255734375 0.3524234859375 0.33528643593749996 0.3038778375 0.3669815828125 0.340776759375 0.46190292031249996 0.2022307328125 0.3141340921875 0.0018275781250000002 0.2569441046875 0.0014948578125 0.16321811718749998 0.1383069953125 0.2996255734375 0.3524234859375
1 0.6288759671874999 0.5089463359375 0.7405060906250001 0.3821937796875 0.7846914265625 0.2051470046875 0.6971435203125 0.13797338125 0.583552771875 0.22609869374999997 0.552812421875 0.3530258109375 0.6288759671874999 0.5089463359375
1 0.696404509375 1 0.61578173125 0.891958121875 0.541540396875 1 0.696404509375 1
1 0.1489807859375 0.7023799609375 0.0637476484375 0.6020793 0.019441140625 0.6681486671875 0.024639732812500002 0.8468127015625001 0.081090765625 0.8982082874999999 0.1489807859375 0.7023799609375
1 0.0879931828125 0.3755710875 0.0232460046875 0.60932965625 0.238458975 0.71549470625 0.30613869375 0.474320059375 0.0879931828125 0.3755710875
1 0.2856931359375 0.640143075 0.357820709375 0.7168795078125 0.4711897953125 0.5375471234375 0.387693871875 0.3607765390625 0.335294178125 0.30453484531249997 0.2509815125 0.4230134796875 0.2856931359375 0.640143075
1 0.46141259999999995 0.3478180703125 0.426247253125 0.4229628671875 0.477560071875 0.543119528125 0.39744989375 0.6689824203125 0.440198021875 0.7378959984375 0.48221295625 0.734190428125 0.6224868 0.4565484609375 0.558764934375 0.35399874374999996 0.46141259999999995 0.3478180703125
1 0.7530767640625 0.4918347734375 0.6061847609375 0.660808678125 0.735631509375 0.9130578281249999 0.8777519015624999 0.6916024921874999 0.7530767640625 0.4918347734375
1 1 0.49130686562500003 0.868737025 0.7142953999999999 0.84898696875 0.8590865296875 0.9686307 0.90885018125 1 0.662286884375 1 0.49130686562500003
1 1 0.344967634375 0.9790948234375 0.5269188812500001 1 0.48309048906249996 1 0.344967634375
1 0.7227784078124999 0.0651329671875 0.7169146750000001 0.0321604828125 0.5393508546875 0.0031378515625 0.38050988124999996 0.0022137421875 0.4205646859375 0.138078846875 0.7227784078124999 0.0651329671875
1 0.0956947796875 0.370444825 0.214274678125 0.41701378437500003 0.25496336875000003 0.2983011125 0.192721525 0.21562849375 0.10183751562500001 0.1511410265625 0.031324478125 0.32216355937499996 0.013403521875 0.46064914687499997 0.0150361328125 0.5167583765625 0.03598404375 0.5343811765625001 0.0956947796875 0.370444825
1 0.9568353078125 1 0.9667166281249999 0.9236413296875 0.8413267703124999 0.8179618953125001 0.8205159203125 0.9616713499999999 0.87946053125 1 0.9568353078125 1
1 0.8479303328125001 0.3656554296875 0.7542926140625 0.44788398906250004 0.8824859249999999 0.6863346406249999 0.9550773015624999 0.5637740546875001 0.8479303328125001 0.3656554296875
1 0.11612144843750001 0.157796340625 0.1664370125 0.1056043640625 0.1665557 0.0029165390625 0.080350309375 0.0114824125 0.0583129078125 0.11360837187499999 0.11612144843750001 0.157796340625