1 0.5001816421874999 1 0.5384957125 0.8986451046875 0.367688225 0.69601063125 0.2878619484375 0.764415865625 0.2309702328125 0.9361136921875 0.39840644687500004 1 0.5001816421874999 1
1 0.324372475 0.3478089875 0.3650745796875 0.3069190296875 0.39286923281249997 0.34891124375000004 0.5021859453124999 0.23094237031249998 0.38669713125 0.027040496874999997 0.29602475156249997 0.020700067187499997 0.21054322499999997 0.11295468125000001 0.324372475 0.3478089875
1 0.636849590625 0.562088828125 0.7616207421875 0.45876217343750003 0.8242919140625 0.2936998671875 0.7438796437499999 0.2117148546875 0.6211945765625 0.27687609375 0.5772003984375 0.39538522343750004 0.636849590625 0.562088828125
1 0.6212404609375 1 0.5836678671875 0.934483440625 0.5227736640625 1 0.6212404609375 1
1 0.137261953125 0.662328034375 0.062630275 0.548353678125 0.02735205625 0.5872596328124999 0.03861403125 0.8290587296874999 0.048947296875000004 0.841371275 0.137261953125 0.662328034375
1 0.3181149515625 0.4683086546875 0.11056374375 0.331186746875 0.025102953125 0.538970471875 0.02565981875 0.5509265953125 0.2252624203125 0.6917679375 0.3181149515625 0.4683086546875
1 0.2803309875 0.6267927828125 0.34433968125000003 0.7152744625 0.4763530703125 0.560814625 0.41146326406249994 0.37232733281249997 0.365013521875 0.30756343125 0.26839421875 0.4078626390625 0.2803309875 0.6267927828125
1 0.4864526515625 0.3733266875 0.44346045156249997 0.440339178125 0.48213245000000005 0.5674501203125 0.3889375640625 0.6757556499999999 0.42442022343749997 0.751129415625 0.46677405156249996 0.7553002453125 0.6359541453124999 0.5096252828125001 0.5830440859375 0.397442034375 0.4864526515625 0.3733266875
1 0.762696896875 0.5683924015625 0.5982843375 0.7064939484375 0.701168378125 0.9773740234374999 0.8663099093750001 0.7870273515624999 0.762696896875 0.5683924015625
1 1 0.6254817734375 0.854929534375 0.8075621875 0.8200423765625 0.94559306875 0.9077439796875 1 0.9383395859375 1 1 0.745939221875 1 0.6254817734375
1 0.7771112421875 0.1451888109375 0.7747067078125001 0.11183293750000001 0.5702704171875 0.0398771921875 0.44383969062500006 0.0310362953125 0.46761296249999995 0.1604901625 0.7771112421875 0.1451888109375
1 0.1187930796875 0.327599334375 0.2323584671875 0.39517908125 0.2854292765625 0.2865550375 0.231916303125 0.1940986671875 0.147890578125 0.114123275 0.0595532296875 0.268404178125 0.0200149765625 0.42972958125 0.0211386546875 0.45385540156250004 0.0419873625 0.476950234375 0.1187930796875 0.327599334375
1 0.9032826578125001 1 0.816697034375 0.903925909375 0.7915268281250001 1 0.9032826578125001 1
1 0.8706510812499999 0.4625132890625 0.7685131390625 0.5256067343749999 0.871589965625 0.78275065 0.956929075 0.676281490625 0.8706510812499999 0.4625132890625
1 0.16146098281250001 0.12328715937500001 0.2171824484375 0.0815484578125 0.224308471875 0.0156851765625 0.12892086875 0.009015025 0.10834664062499999 0.0693155453125 0.16146098281250001 0.12328715937500001