1 0.6132032281249999 0.09250533749999999 0.6470689593750001 0.20653529843750001 0.765566421875 0.14258945 0.730470471875 0.0158366765625 0.6132032281249999 0.09250533749999999
1 0.285525021875 0.525880465625 0.24098585625000002 0.35849971406250003 0.0782090953125 0.397385546875 0.111530896875 0.5611706625 0.25784097968749997 0.556275759375 0.285525021875 0.525880465625
1 0.29598243750000003 0.1304454296875 0.1907695671875 0.19093774531250002 0.14753863125 0.2612295359375 0.1856233015625 0.35466466875 0.33203395625 0.2370654921875 0.29598243750000003 0.1304454296875
1 0.24945106875 0.6777631234375 0.2970271953125 0.6521388703125 0.281454409375 0.5932199421875 0.22518670312500003 0.5531655640625 0.08581876875 0.57157015625 0.1108827125 0.7038439109375 0.24945106875 0.6777631234375
1 0.7612722484375001 0.6938402515625001 0.8970048078125 0.6353560390624999 0.8743272796875001 0.5418295828125 0.7371670484374999 0.5658872390624999 0.6869934296875 0.5665784656249999 0.7088404078125 0.6743300765625 0.7612722484375001 0.6938402515625001
1 0.68991728125 0.4932807171875 0.7137324546875 0.5620371921875 0.859908428125 0.53232168125 0.8270111171875 0.4513941734375 0.68991728125 0.4932807171875
1 0.6623773109375 0.324277290625 0.7210970390625 0.4805851578125 0.8577153125000001 0.42187075468749996 0.8027075421875001 0.25389739843750003 0.6623773109375 0.324277290625
1 0.6369954171875001 0.2251779828125 0.6700398609375 0.3215270125 0.7982347328125 0.2467750171875 0.7629541890625 0.151553696875 0.6369954171875001 0.2251779828125
1 0.691851159375 0.4517333640625 0.6626613234375001 0.301903715625 0.485332353125 0.310200196875 0.5085033703125 0.46294276874999996 0.62772163125 0.46674780312499997 0.691851159375 0.4517333640625
1 0.6835115734375 0.5168686124999999 0.67792956875 0.4686087953125 0.5150868015625 0.47862793750000004 0.5275683953125 0.57729274375 0.6395423234375001 0.5862951890625 0.6835115734375 0.5168686124999999
1 0.6992911125 0.811032084375 0.7179594140625001 0.786294646875 0.6880626515625 0.6697894046874999 0.650890784375 0.6512833765625 0.53811278125 0.6736748968749999 0.5737587421875 0.8204677953124999 0.6992911125 0.811032084375
1 0.8718519796875001 0.805941040625 0.8504484625 0.68557084375 0.6969876562499999 0.6904030765625 0.7244076625 0.79787463125 0.78828290625 0.8342942453125 0.8718519796875001 0.805941040625
1 0.281289359375 0.58914724375 0.3092809015625 0.7533461796875 0.43170368124999997 0.7264915953125 0.39361268125 0.5706907828125 0.281289359375 0.58914724375
1 0.272657921875 0.47118586875 0.3000529171875 0.5883849765625 0.3964288875 0.5666446546875 0.3617211609375 0.4132783203125 0.272657921875 0.47118586875
1 0.21422894375 0.330937553125 0.272494634375 0.47789990156249995 0.3743939421875 0.3950705921875 0.31545539218749996 0.25463158125 0.21422894375 0.330937553125
1 0.31064638125 0.7659683171875 0.3299133078125 0.8623176671874999 0.44114123593750004 0.83174526875 0.42112063906249997 0.737527975 0.31064638125 0.7659683171875
1 0.3026483140625 0.773297803125 0.2808564703125 0.6795410359375 0.1019171265625 0.7166054515625 0.1275842015625 0.8403497796874999 0.265088090625 0.7814050890625001 0.3026483140625 0.773297803125
1 0.002348925 0.39430900625 0.01807176875 0.4661605671875 0.1720453 0.33665308125000004 0.0190580234375 0.3532259859375 0.002348925 0.39430900625
1 0.083475321875 0.4243024453125 0.02876931875 0.44349518593750004 0.022109585937500002 0.5197396890625 0.054162415625 0.64567980625 0.10374452187500001 0.5317112859375001 0.083475321875 0.4243024453125
1 0.9427842609375 0.1677713796875 0.904648540625 0.0036970671875 0.762481740625 0.057843124999999995 0.7979665109375 0.1971338 0.8221274875000001 0.2041090265625 0.9427842609375 0.1677713796875
1 0.7987659453125 0.20384831406249998 0.8344454140625001 0.3500396265625 0.9740139750000001 0.3120995859375 0.943097471875 0.17100396874999998 0.7987659453125 0.20384831406249998